TRINITY_DN25189_c0_g1_i3	JN857939.1	100.000	37	0	0	362	398	312	276	2.15e-11	69.4
TRINITY_DN25189_c0_g1_i4	JN857939.1	100.000	37	0	0	503	539	312	276	2.93e-11	69.4
TRINITY_DN12969_c0_g1_i1	OK345535.1	93.333	75	3	2	726	799	348	421	2.56e-23	110
TRINITY_DN21902_c3_g4_i1	OK345535.1	83.906	466	65	9	76	533	26	489	6.91e-122	436
TRINITY_DN20286_c0_g1_i2	JN701810.1	90.769	65	5	1	1	64	253	317	2.36e-16	86.1
TRINITY_DN20286_c0_g1_i4	JN701810.1	90.769	65	5	1	1	64	253	317	1.72e-16	86.1
TRINITY_DN20286_c0_g1_i5	JN701810.1	90.769	65	5	1	1	64	253	317	2.36e-16	86.1
TRINITY_DN20286_c0_g1_i6	JN701810.1	90.769	65	5	1	1	64	253	317	2.37e-16	86.1
TRINITY_DN20286_c0_g1_i10	JN701810.1	90.769	65	5	1	1	64	253	317	2.18e-16	86.1
TRINITY_DN20286_c0_g1_i11	JN701810.1	90.769	65	5	1	1	64	253	317	2.19e-16	86.1
